10x12.png (10-by-12 image)

The energy[][] matrix gives the dual-gradient energy of each pixel.

The distTo[][] matrix gives the energy of the minimum energy path from
a pixel in the top-most row (or left-most column) to each pixel.

The asterisks denote the minimum energy vertical (or horizontal) seam.

-----------------------------------------------------

vertical seam: { 7, 6, 7, 8, 7, 7, 6, 7, 6, 5, 6, 6 }

energy[][]:
 197.81   210.53   257.47   216.89   251.25   196.77   268.14   152.28*  246.05   241.81  
 288.58   240.62   292.78   320.53   185.55   305.62   159.69*  161.62   366.74   190.32  
 226.96   247.56   239.13   195.53   396.11   201.33   361.44   137.42*  367.37   255.52  
 283.61   233.73   327.19   246.50   297.07   162.33   313.34   217.56   168.60*  300.77  
 195.38   300.42   287.60   160.17   202.42   183.39   255.48   185.13*  274.07   201.33  
 173.83   172.03   332.95   310.91   261.59   256.41   336.62   208.83*  294.53   287.63  
 246.04   225.59   305.63   255.04   290.28   330.91   168.86*  306.67   308.72   217.35  
 267.19   191.09   303.98   357.68   325.97   190.14   399.23   154.37*  211.17   312.31  
 215.88   222.09   295.81   300.13   192.02   393.83   174.18*  301.72   305.05   206.19  
 278.08   222.27   208.55   277.39   291.47   122.20*  306.35   302.58   150.10   239.96  
 250.06   228.98   161.87   159.87   259.12   265.67   119.75*  185.11   259.96   137.49  
 266.30   252.49   160.62   160.71   185.85   253.09   163.53*  197.09   319.10   252.30  

distTo[][]:
 197.81   210.53   257.47   216.89   251.25   196.77   268.14   152.28*  246.05   241.81  
 486.39   438.43   503.31   537.42   382.32   502.39   311.97*  313.89   519.02   432.13  
 665.39   685.99   677.56   577.86   778.44   513.30   673.41   449.38*  681.26   687.65  
 949.00   899.12   905.05   824.36   810.38   675.64   762.72   666.95   617.99*  982.03  
1094.50  1199.54  1111.96   970.55   878.06   859.02   922.43   803.12*  892.05   819.31  
1268.33  1266.53  1303.49  1188.96  1120.61  1115.43  1139.74  1011.95* 1097.65  1106.95  
1512.57  1492.12  1494.59  1375.64  1405.71  1446.34  1180.81* 1318.62  1320.67  1315.00  
1759.31  1683.21  1679.62  1733.33  1701.62  1370.96  1580.05  1335.18* 1526.17  1627.31  
1899.09  1901.71  1975.44  1979.76  1562.98  1764.79  1509.36* 1636.90  1640.23  1732.37  
2177.17  2121.36  2110.26  1840.36  1854.45  1631.55* 1815.71  1811.94  1787.00  1880.19  
2371.42  2339.24  2002.24  2000.24  1890.67  1897.22  1751.31* 1972.12  2046.96  1924.49  
2605.54  2254.73  2160.86  2051.39  2076.52  2004.40  1914.84* 1948.39  2243.59  2176.80  

total energy of vertical seam = 1914.835993

-----------------------------------------------------

horizontal seam: { 8, 9, 10, 10, 10, 9, 10, 10, 9, 10 }

energy[][]:
 197.81   210.53   257.47   216.89   251.25   196.77   268.14   152.28   246.05   241.81  
 288.58   240.62   292.78   320.53   185.55   305.62   159.69   161.62   366.74   190.32  
 226.96   247.56   239.13   195.53   396.11   201.33   361.44   137.42   367.37   255.52  
 283.61   233.73   327.19   246.50   297.07   162.33   313.34   217.56   168.60   300.77  
 195.38   300.42   287.60   160.17   202.42   183.39   255.48   185.13   274.07   201.33  
 173.83   172.03   332.95   310.91   261.59   256.41   336.62   208.83   294.53   287.63  
 246.04   225.59   305.63   255.04   290.28   330.91   168.86   306.67   308.72   217.35  
 267.19   191.09   303.98   357.68   325.97   190.14   399.23   154.37   211.17   312.31  
 215.88*  222.09   295.81   300.13   192.02   393.83   174.18   301.72   305.05   206.19  
 278.08   222.27*  208.55   277.39   291.47   122.20*  306.35   302.58   150.10*  239.96  
 250.06   228.98   161.87*  159.87*  259.12*  265.67   119.75*  185.11*  259.96   137.49* 
 266.30   252.49   160.62   160.71   185.85   253.09   163.53   197.09   319.10   252.30  

distTo[][]:
 197.81   408.34   665.81   882.70  1133.95  1246.09  1514.24  1558.06  1804.11  2045.92  
 288.58   438.43   701.12   986.34  1049.32  1354.94  1405.79  1567.40  1909.94  1994.44  
 226.96   474.52   668.24   863.77  1259.88  1250.66  1519.82  1543.20  1910.57  1967.32  
 283.61   429.11   756.30   879.97  1090.71  1158.39  1471.72  1631.43  1711.81  2012.57  
 195.38   474.25   633.46   793.63   996.05  1179.44  1413.86  1599.00  1873.06  1913.13  
 173.83   345.87   678.81   944.37  1055.22  1252.46  1516.06  1622.70  1893.53  2066.11  
 246.04   399.43   651.49   906.53  1196.80  1386.12  1421.32  1727.99  1778.48  1898.27  
 267.19   406.97   703.41  1009.18  1232.50  1259.57  1658.81  1469.76  1680.92  1993.23  
 215.88*  437.96   702.78   946.65  1069.43  1445.19  1315.39  1617.11  1774.80  1802.38  
 278.08   438.15*  646.52   877.41  1051.36  1141.21* 1447.57  1563.55  1596.18* 1836.14  
 250.06   479.04   600.02*  759.89* 1019.01* 1211.41  1260.96* 1446.08* 1706.04  1733.67* 
 266.30   502.55   639.66   760.73   945.74  1198.83  1362.36  1458.05  1765.18  1958.34  

total energy of horizontal seam = 1733.669645

-----------------------------------------------------
