stripes.png (9-by-12 image)

The energy[][] matrix gives the dual-gradient energy of each pixel.

The distTo[][] matrix gives the energy of the minimum energy path from
a pixel in the top-most row (or left-most column) to each pixel.

The asterisks denote the minimum energy vertical (or horizontal) seam.

-----------------------------------------------------

vertical seam: { 0, 0, 0, 0, 0, 0, 0, 0, 0, 0, 0, 0 }

energy[][]:
 441.67*  441.67   441.67   441.67   441.67   441.67   441.67   441.67   441.67  
 441.67*  441.67   441.67   441.67   441.67   441.67   441.67   441.67   441.67  
 441.67*  441.67   441.67   441.67   441.67   441.67   441.67   441.67   441.67  
 441.67*  441.67   441.67   441.67   441.67   441.67   441.67   441.67   441.67  
 441.67*  441.67   441.67   441.67   441.67   441.67   441.67   441.67   441.67  
 441.67*  441.67   441.67   441.67   441.67   441.67   441.67   441.67   441.67  
 441.67*  441.67   441.67   441.67   441.67   441.67   441.67   441.67   441.67  
 441.67*  441.67   441.67   441.67   441.67   441.67   441.67   441.67   441.67  
 441.67*  441.67   441.67   441.67   441.67   441.67   441.67   441.67   441.67  
 441.67*  441.67   441.67   441.67   441.67   441.67   441.67   441.67   441.67  
 441.67*  441.67   441.67   441.67   441.67   441.67   441.67   441.67   441.67  
 441.67*  441.67   441.67   441.67   441.67   441.67   441.67   441.67   441.67  

distTo[][]:
 441.67*  441.67   441.67   441.67   441.67   441.67   441.67   441.67   441.67  
 883.35*  883.35   883.35   883.35   883.35   883.35   883.35   883.35   883.35  
1325.02* 1325.02  1325.02  1325.02  1325.02  1325.02  1325.02  1325.02  1325.02  
1766.69* 1766.69  1766.69  1766.69  1766.69  1766.69  1766.69  1766.69  1766.69  
2208.36* 2208.36  2208.36  2208.36  2208.36  2208.36  2208.36  2208.36  2208.36  
2650.04* 2650.04  2650.04  2650.04  2650.04  2650.04  2650.04  2650.04  2650.04  
3091.71* 3091.71  3091.71  3091.71  3091.71  3091.71  3091.71  3091.71  3091.71  
3533.38* 3533.38  3533.38  3533.38  3533.38  3533.38  3533.38  3533.38  3533.38  
3975.06* 3975.06  3975.06  3975.06  3975.06  3975.06  3975.06  3975.06  3975.06  
4416.73* 4416.73  4416.73  4416.73  4416.73  4416.73  4416.73  4416.73  4416.73  
4858.40* 4858.40  4858.40  4858.40  4858.40  4858.40  4858.40  4858.40  4858.40  
5300.08* 5300.08  5300.08  5300.08  5300.08  5300.08  5300.08  5300.08  5300.08  

total energy of vertical seam = 5300.075471

-----------------------------------------------------

horizontal seam: { 0, 0, 0, 0, 0, 0, 0, 0, 0 }

energy[][]:
 441.67*  441.67*  441.67*  441.67*  441.67*  441.67*  441.67*  441.67*  441.67* 
 441.67   441.67   441.67   441.67   441.67   441.67   441.67   441.67   441.67  
 441.67   441.67   441.67   441.67   441.67   441.67   441.67   441.67   441.67  
 441.67   441.67   441.67   441.67   441.67   441.67   441.67   441.67   441.67  
 441.67   441.67   441.67   441.67   441.67   441.67   441.67   441.67   441.67  
 441.67   441.67   441.67   441.67   441.67   441.67   441.67   441.67   441.67  
 441.67   441.67   441.67   441.67   441.67   441.67   441.67   441.67   441.67  
 441.67   441.67   441.67   441.67   441.67   441.67   441.67   441.67   441.67  
 441.67   441.67   441.67   441.67   441.67   441.67   441.67   441.67   441.67  
 441.67   441.67   441.67   441.67   441.67   441.67   441.67   441.67   441.67  
 441.67   441.67   441.67   441.67   441.67   441.67   441.67   441.67   441.67  
 441.67   441.67   441.67   441.67   441.67   441.67   441.67   441.67   441.67  

distTo[][]:
 441.67*  883.35* 1325.02* 1766.69* 2208.36* 2650.04* 3091.71* 3533.38* 3975.06* 
 441.67   883.35  1325.02  1766.69  2208.36  2650.04  3091.71  3533.38  3975.06  
 441.67   883.35  1325.02  1766.69  2208.36  2650.04  3091.71  3533.38  3975.06  
 441.67   883.35  1325.02  1766.69  2208.36  2650.04  3091.71  3533.38  3975.06  
 441.67   883.35  1325.02  1766.69  2208.36  2650.04  3091.71  3533.38  3975.06  
 441.67   883.35  1325.02  1766.69  2208.36  2650.04  3091.71  3533.38  3975.06  
 441.67   883.35  1325.02  1766.69  2208.36  2650.04  3091.71  3533.38  3975.06  
 441.67   883.35  1325.02  1766.69  2208.36  2650.04  3091.71  3533.38  3975.06  
 441.67   883.35  1325.02  1766.69  2208.36  2650.04  3091.71  3533.38  3975.06  
 441.67   883.35  1325.02  1766.69  2208.36  2650.04  3091.71  3533.38  3975.06  
 441.67   883.35  1325.02  1766.69  2208.36  2650.04  3091.71  3533.38  3975.06  
 441.67   883.35  1325.02  1766.69  2208.36  2650.04  3091.71  3533.38  3975.06  

total energy of horizontal seam = 3975.056603

-----------------------------------------------------
